time	V(vin)	V(vout)
0.000000000000000e+000	0.000000e+000	1.812096e-005
9.765624723809263e-013	3.067961e-009	1.812096e-005
1.953124944761853e-012	6.135923e-009	1.812096e-005
2.287388328165382e-009	7.186048e-006	1.813904e-005
4.572823531386002e-009	1.436595e-005	1.819275e-005
6.858258734606622e-009	2.154584e-005	1.828208e-005
9.143693937827241e-009	2.872571e-005	1.840704e-005
1.142912914104786e-008	3.590558e-005	1.856764e-005
1.371456434426848e-008	4.308543e-005	1.876385e-005
1.599999954748910e-008	5.026527e-005	1.899570e-005
3.199999909497819e-008	1.005293e-004	2.156304e-005
5.575550939698057e-008	1.751521e-004	2.865194e-005
8.523072012158864e-008	2.677282e-004	4.502753e-005
1.330366115670200e-007	4.178252e-004	9.066642e-005
1.907185761289064e-007	5.988016e-004	1.753595e-004
2.551154500239293e-007	8.006110e-004	3.050747e-004
3.240443419871978e-007	1.016258e-003	4.753915e-004
4.165122264300284e-007	1.304781e-003	7.287105e-004
5.141684764300284e-007	1.608293e-003	1.001325e-003
6.118247264300285e-007	1.910291e-003	1.263612e-003
7.094809764300285e-007	2.210491e-003	1.508448e-003
8.071372264300286e-007	2.508610e-003	1.736274e-003
9.047934764300286e-007	2.804369e-003	1.950390e-003
1.002449726430029e-006	3.097488e-003	2.153827e-003
1.100105976430029e-006	3.387692e-003	2.348227e-003
1.197762226430029e-006	3.674708e-003	2.533976e-003
1.295418476430029e-006	3.958265e-003	2.710778e-003
1.393074726430029e-006	4.238097e-003	2.878163e-003
1.490730976430029e-006	4.513940e-003	3.035760e-003
1.588387226430029e-006	4.785535e-003	3.183371e-003
1.686043476430029e-006	5.052626e-003	3.320932e-003
1.783699726430029e-006	5.314961e-003	3.448445e-003
1.881355976430029e-006	5.572294e-003	3.565932e-003
1.979012226430029e-006	5.824382e-003	3.673408e-003
2.076668476430029e-006	6.070990e-003	3.770882e-003
2.174324726430029e-006	6.311883e-003	3.858361e-003
2.271980976430029e-006	6.546835e-003	3.935854e-003
2.369637226430028e-006	6.775626e-003	4.003385e-003
2.467293476430028e-006	6.998040e-003	4.060986e-003
2.564949726430028e-006	7.213868e-003	4.108699e-003
2.662605976430028e-006	7.422906e-003	4.146580e-003
2.760262226430028e-006	7.624958e-003	4.174692e-003
2.857918476430028e-006	7.819834e-003	4.193109e-003
2.955574726430027e-006	8.007349e-003	4.201912e-003
3.053230976430027e-006	8.187329e-003	4.201192e-003
3.248543476430027e-006	8.524010e-003	4.171588e-003
3.443855976430027e-006	8.828607e-003	4.105197e-003
3.639168476430026e-006	9.099977e-003	4.003051e-003
3.834480976430026e-006	9.337096e-003	3.866316e-003
4.029793476430026e-006	9.539071e-003	3.696279e-003
4.225105976430027e-006	9.705145e-003	3.494349e-003
4.420418476430027e-006	9.834690e-003	3.262047e-003
4.615730976430028e-006	9.927220e-003	3.001001e-003
4.811043476430028e-006	9.982386e-003	2.712939e-003
5.104012226430029e-006	9.994661e-003	2.234194e-003
5.396980976430030e-006	9.922331e-003	1.705270e-003
5.689949726430031e-006	9.766007e-003	1.133032e-003
5.885262226430031e-006	9.615751e-003	7.310088e-004
6.080574726430032e-006	9.429304e-003	3.151071e-004
6.275887226430032e-006	9.207368e-003	-1.124443e-004
6.373543476430033e-006	9.083346e-003	-3.298834e-004
6.471199726430033e-006	8.950776e-003	-5.493857e-004
6.568855976430033e-006	8.809783e-003	-7.706651e-004
6.666512226430033e-006	8.660496e-003	-9.934349e-004
6.764168476430034e-006	8.503060e-003	-1.217408e-003
6.959480976430034e-006	8.164334e-003	-1.667814e-003
7.154793476430035e-006	7.794879e-003	-2.119584e-003
7.350105976430035e-006	7.396087e-003	-2.570427e-003
7.545418476430036e-006	6.969457e-003	-3.018074e-003
7.740730976430034e-006	6.516595e-003	-3.460276e-003
7.894190797858604e-006	6.141116e-003	-3.804959e-003
8.047650619287176e-006	5.753698e-003	-4.141341e-003
8.201110440715746e-006	5.354342e-003	-4.469425e-003
8.354570262144316e-006	4.943048e-003	-4.789209e-003
8.508030083572888e-006	4.519816e-003	-5.100693e-003
8.661489905001458e-006	4.084646e-003	-5.403879e-003
8.814949726430028e-006	3.637537e-003	-5.698765e-003
9.038164012144312e-006	2.967444e-003	-6.108711e-003
9.261378297858596e-006	2.291166e-003	-6.485697e-003
9.484592583572882e-006	1.608701e-003	-6.829722e-003
9.707806869287166e-006	9.200505e-004	-7.140786e-003
9.931021155001450e-006	2.252141e-004	-7.418890e-003
1.015423544071573e-005	-4.758082e-004	-7.664033e-003
1.037744972643002e-005	-1.183016e-003	-7.876216e-003
1.067041847643002e-005	-2.090645e-003	-8.087873e-003
1.096338722643002e-005	-2.980575e-003	-8.228674e-003
1.125635597643001e-005	-3.845275e-003	-8.296376e-003
1.154932472643001e-005	-4.677423e-003	-8.289430e-003
1.184229347643001e-005	-5.469976e-003	-8.206982e-003
1.203760597643001e-005	-5.973020e-003	-8.109968e-003
1.223291847643001e-005	-6.453581e-003	-7.979449e-003
1.233057472643001e-005	-6.684863e-003	-7.901704e-003
1.242823097643001e-005	-6.909853e-003	-7.815693e-003
1.252588722643001e-005	-7.128340e-003	-7.721473e-003
1.262354347643001e-005	-7.340118e-003	-7.619106e-003
1.291651222643000e-005	-7.933238e-003	-7.263890e-003
1.311182472643000e-005	-8.291629e-003	-6.987888e-003
1.330713722643000e-005	-8.618812e-003	-6.681530e-003
1.350244972643000e-005	-8.913556e-003	-6.345811e-003
1.379541847643000e-005	-9.292456e-003	-5.789657e-003
1.408838722643000e-005	-9.592694e-003	-5.174241e-003
1.438135597642999e-005	-9.811729e-003	-4.504374e-003
1.467432472642999e-005	-9.947705e-003	-3.785381e-003
1.482778454785856e-005	-9.985243e-003	-3.388719e-003
1.498124436928713e-005	-9.999652e-003	-2.983382e-003
1.513470419071570e-005	-9.990933e-003	-2.569370e-003
1.528816401214428e-005	-9.959084e-003	-2.146683e-003
1.544162383357285e-005	-9.904107e-003	-1.715321e-003
1.559508365500142e-005	-9.826001e-003	-1.275284e-003
1.574854347642999e-005	-9.724766e-003	-8.265717e-004
1.604151222642998e-005	-9.469457e-003	3.905686e-005
1.633448097642998e-005	-9.133987e-003	9.164542e-004
1.652979347642998e-005	-8.867183e-003	1.504289e-003
1.672510597642998e-005	-8.567004e-003	2.091878e-003
1.682276222642998e-005	-8.404319e-003	2.385575e-003
1.692041847642998e-005	-8.234145e-003	2.677695e-003
1.701807472642998e-005	-8.056483e-003	2.968237e-003
1.711573097642998e-005	-7.871333e-003	3.257203e-003
1.721338722642998e-005	-7.678694e-003	3.544592e-003
1.731104347642998e-005	-7.478566e-003	3.830404e-003
1.740869972642998e-005	-7.270950e-003	4.114639e-003
1.750635597642998e-005	-7.056392e-003	4.396314e-003
1.760401222642998e-005	-6.835730e-003	4.674537e-003
1.770166847642997e-005	-6.608962e-003	4.949308e-003
1.779932472642997e-005	-6.376090e-003	5.220628e-003
1.789698097642997e-005	-6.137112e-003	5.488496e-003
1.799463722642997e-005	-5.892029e-003	5.752912e-003
1.809229347642997e-005	-5.640842e-003	6.013877e-003
1.828760597642997e-005	-5.123890e-003	6.521231e-003
1.848291847642997e-005	-4.587654e-003	7.009255e-003
1.862242740500140e-005	-4.191957e-003	7.346478e-003
1.876193633357283e-005	-3.790172e-003	7.670671e-003
1.890144526214425e-005	-3.382301e-003	7.981833e-003
1.904095419071568e-005	-2.968342e-003	8.279963e-003
1.918046311928711e-005	-2.548296e-003	8.565062e-003
1.931997204785854e-005	-2.122162e-003	8.837131e-003
1.945948097642996e-005	-1.689942e-003	9.096168e-003
1.968269526214425e-005	-9.866144e-004	9.480561e-003
1.990590954785853e-005	-2.869813e-004	9.820736e-003
2.012912383357282e-005	4.089576e-004	1.011669e-002
2.035233811928710e-005	1.101202e-003	1.036844e-002
2.057555240500139e-005	1.789753e-003	1.057596e-002
2.079876669071567e-005	2.474609e-003	1.073927e-002
2.102198097642995e-005	3.155771e-003	1.085836e-002
2.116148990500138e-005	3.570380e-003	1.090659e-002
2.130099883357281e-005	3.976232e-003	1.093585e-002
2.144050776214424e-005	4.373328e-003	1.094614e-002
2.158001669071566e-005	4.761668e-003	1.093745e-002
2.171952561928709e-005	5.141251e-003	1.090980e-002
2.185903454785852e-005	5.512079e-003	1.086317e-002
2.199854347642995e-005	5.874150e-003	1.079757e-002
2.216595419071566e-005	6.294023e-003	1.069294e-002
2.233336490500138e-005	6.693889e-003	1.056232e-002
2.250077561928709e-005	7.073749e-003	1.040573e-002
2.266818633357280e-005	7.433601e-003	1.022315e-002
2.283559704785851e-005	7.773447e-003	1.001459e-002
2.300300776214423e-005	8.093287e-003	9.780041e-003
2.317041847642994e-005	8.393119e-003	9.519514e-003
2.325412383357280e-005	8.533379e-003	9.380517e-003
2.333782919071565e-005	8.667519e-003	9.235824e-003
2.342153454785851e-005	8.795539e-003	9.085435e-003
2.350523990500137e-005	8.917439e-003	8.929349e-003
2.358894526214423e-005	9.033219e-003	8.767567e-003
2.367265061928708e-005	9.142879e-003	8.600088e-003
2.375635597642994e-005	9.246418e-003	8.426912e-003
2.389586490500137e-005	9.404933e-003	8.125416e-003
2.403537383357279e-005	9.544820e-003	7.811137e-003
2.417488276214422e-005	9.666077e-003	7.484075e-003
2.431439169071565e-005	9.768706e-003	7.144229e-003
2.445390061928708e-005	9.852706e-003	6.791600e-003
2.459340954785850e-005	9.918077e-003	6.426189e-003
2.473291847642993e-005	9.964819e-003	6.047993e-003
2.492823097642993e-005	9.996865e-003	5.497948e-003
2.512354347642993e-005	9.991747e-003	4.934429e-003
2.531885597642993e-005	9.949465e-003	4.357438e-003
2.551416847642993e-005	9.870018e-003	3.766974e-003
2.570948097642993e-005	9.753408e-003	3.163037e-003
2.590479347642992e-005	9.599633e-003	2.545627e-003
2.610010597642992e-005	9.408695e-003	1.914744e-003
2.619776222642992e-005	9.300044e-003	1.598947e-003
2.629541847642992e-005	9.182939e-003	1.282691e-003
2.639307472642992e-005	9.057380e-003	9.659752e-004
2.649073097642992e-005	8.923368e-003	6.488004e-004
2.658838722642992e-005	8.780901e-003	3.311663e-004
2.668604347642992e-005	8.629982e-003	1.307286e-005
2.678369972642992e-005	8.470608e-003	-3.054799e-004
2.697901222642992e-005	8.128749e-003	-9.392459e-004
2.727198097642992e-005	7.559031e-003	-1.880847e-003
2.738358811928706e-005	7.324096e-003	-2.236341e-003
2.749519526214420e-005	7.080936e-003	-2.587839e-003
2.760680240500134e-005	6.829550e-003	-2.935339e-003
2.771840954785848e-005	6.569938e-003	-3.278842e-003
2.783001669071563e-005	6.302099e-003	-3.618348e-003
2.794162383357277e-005	6.026035e-003	-3.953858e-003
2.805323097642991e-005	5.741745e-003	-4.285370e-003
2.834619972642991e-005	4.964954e-003	-5.126344e-003
2.845780686928705e-005	4.656623e-003	-5.436379e-003
2.856941401214420e-005	4.343547e-003	-5.738820e-003
2.868102115500134e-005	4.025726e-003	-6.033665e-003
2.879262829785848e-005	3.703161e-003	-6.320914e-003
2.890423544071562e-005	3.375851e-003	-6.600569e-003
2.901584258357276e-005	3.043796e-003	-6.872628e-003
2.912744972642991e-005	2.706997e-003	-7.137092e-003
2.935066401214419e-005	2.017260e-003	-7.642497e-003
2.957387829785848e-005	1.326121e-003	-8.105885e-003
2.979709258357276e-005	6.335792e-004	-8.527258e-003
3.002030686928705e-005	-6.036431e-005	-8.906615e-003
3.024352115500133e-005	-7.557101e-004	-9.243957e-003
3.046673544071562e-005	-1.452458e-003	-9.539282e-003
3.068994972642990e-005	-2.150608e-003	-9.792591e-003
3.087131133357276e-005	-2.707514e-003	-9.960965e-003
3.105267294071563e-005	-3.251346e-003	-1.009711e-002
3.123403454785849e-005	-3.782104e-003	-1.020102e-002
3.141539615500135e-005	-4.299788e-003	-1.027270e-002
3.159675776214421e-005	-4.804398e-003	-1.031215e-002
3.177811936928708e-005	-5.295934e-003	-1.031936e-002
3.195948097642994e-005	-5.774396e-003	-1.029435e-002
3.209898990500137e-005	-6.128102e-003	-1.025236e-002
3.223849883357280e-005	-6.468479e-003	-1.019179e-002
3.237800776214423e-005	-6.795528e-003	-1.011264e-002
3.251751669071567e-005	-7.109249e-003	-1.001492e-002
3.265702561928710e-005	-7.409642e-003	-9.898608e-003
3.279653454785854e-005	-7.696707e-003	-9.763722e-003
3.293604347642997e-005	-7.970444e-003	-9.610256e-003
3.300579794071569e-005	-8.101007e-003	-9.527039e-003
3.307555240500140e-005	-8.227535e-003	-9.439562e-003
3.314530686928712e-005	-8.350025e-003	-9.347827e-003
3.321506133357283e-005	-8.468480e-003	-9.251833e-003
3.328481579785855e-005	-8.582898e-003	-9.151580e-003
3.335457026214426e-005	-8.693280e-003	-9.047068e-003
3.342432472642998e-005	-8.799626e-003	-8.938298e-003
3.350803008357284e-005	-8.921673e-003	-8.802272e-003
3.359173544071570e-005	-9.037364e-003	-8.660736e-003
3.367544079785856e-005	-9.146699e-003	-8.513689e-003
3.375914615500142e-005	-9.249678e-003	-8.361130e-003
3.384285151214428e-005	-9.346301e-003	-8.203061e-003
3.392655686928714e-005	-9.436568e-003	-8.039480e-003
3.401026222643000e-005	-9.520479e-003	-7.870388e-003
3.416372204785857e-005	-9.657316e-003	-7.545560e-003
3.431718186928715e-005	-9.771208e-003	-7.206449e-003
3.447064169071573e-005	-9.862154e-003	-6.853054e-003
3.462410151214430e-005	-9.930154e-003	-6.485376e-003
3.477756133357288e-005	-9.975208e-003	-6.103414e-003
3.493102115500145e-005	-9.997316e-003	-5.707168e-003
3.508448097643003e-005	-9.996478e-003	-5.296639e-003
3.537744972643004e-005	-9.929777e-003	-4.487253e-003
3.567041847643005e-005	-9.779018e-003	-3.644514e-003
3.596338722643005e-005	-9.545479e-003	-2.775650e-003
3.607499436928720e-005	-9.434699e-003	-2.438273e-003
3.618660151214434e-005	-9.312737e-003	-2.099656e-003
3.629820865500149e-005	-9.179592e-003	-1.759800e-003
3.640981579785864e-005	-9.035265e-003	-1.418706e-003
3.652142294071579e-005	-8.879757e-003	-1.076372e-003
3.663303008357293e-005	-8.713066e-003	-7.327993e-004
3.674463722643008e-005	-8.535192e-003	-3.879875e-004
3.681439169071580e-005	-8.418815e-003	-1.729837e-004
3.688414615500151e-005	-8.298545e-003	4.156048e-005
3.695390061928723e-005	-8.174382e-003	2.556450e-004
3.702365508357294e-005	-8.046326e-003	4.692698e-004
3.709340954785866e-005	-7.914378e-003	6.824351e-004
3.716316401214437e-005	-7.778536e-003	8.951406e-004
3.723291847643009e-005	-7.638801e-003	1.107387e-003
3.734452561928724e-005	-7.407096e-003	1.445838e-003
3.745613276214438e-005	-7.167054e-003	1.780752e-003
3.756773990500153e-005	-6.918674e-003	2.112129e-003
3.767934704785868e-005	-6.661957e-003	2.439968e-003
3.779095419071582e-005	-6.396903e-003	2.764270e-003
3.790256133357296e-005	-6.123512e-003	3.085034e-003
3.801416847643011e-005	-5.841784e-003	3.402262e-003
3.830713722643012e-005	-5.071102e-003	4.207891e-003
3.841874436928727e-005	-4.764870e-003	4.505288e-003
3.853035151214441e-005	-4.453754e-003	4.795530e-003
3.864195865500156e-005	-4.137755e-003	5.078617e-003
3.875356579785871e-005	-3.816873e-003	5.354549e-003
3.886517294071585e-005	-3.491108e-003	5.623325e-003
3.897678008357300e-005	-3.160459e-003	5.884947e-003
3.908838722643014e-005	-2.824927e-003	6.139413e-003
3.931160151214443e-005	-2.137285e-003	6.626186e-003
3.953481579785873e-005	-1.447642e-003	7.072530e-003
3.975803008357302e-005	-7.559967e-004	7.478445e-003
3.998124436928731e-005	-6.234972e-005	7.843932e-003
4.020445865500160e-005	6.332991e-004	8.168990e-003
4.042767294071590e-005	1.330950e-003	8.453619e-003
4.065088722643019e-005	2.030602e-003	8.697820e-003
4.083224883357305e-005	2.589185e-003	8.859837e-003
4.101361044071592e-005	3.135058e-003	8.990479e-003
4.119497204785878e-005	3.668221e-003	9.089746e-003
4.137633365500164e-005	4.188674e-003	9.157638e-003
4.155769526214450e-005	4.696417e-003	9.194154e-003
4.173905686928736e-005	5.191449e-003	9.199296e-003
4.192041847643022e-005	5.673772e-003	9.173062e-003
4.207387829785880e-005	6.066067e-003	9.125223e-003
4.222733811928738e-005	6.442191e-003	9.055488e-003
4.238079794071595e-005	6.802145e-003	8.963856e-003
4.253425776214452e-005	7.145929e-003	8.850327e-003
4.268771758357310e-005	7.473541e-003	8.714902e-003
4.284117740500168e-005	7.784984e-003	8.557580e-003
4.299463722643026e-005	8.080255e-003	8.378360e-003
4.309229347643026e-005	8.257541e-003	8.253650e-003
4.318994972643026e-005	8.426681e-003	8.121033e-003
4.328760597643026e-005	8.587673e-003	7.980510e-003
4.338526222643027e-005	8.740518e-003	7.832081e-003
4.348291847643027e-005	8.885216e-003	7.675746e-003
4.358057472643027e-005	9.021767e-003	7.511505e-003
4.367823097643027e-005	9.150171e-003	7.339357e-003
4.381773990500171e-005	9.318720e-003	7.079783e-003
4.395724883357314e-005	9.468757e-003	6.807105e-003
4.409675776214457e-005	9.600281e-003	6.521323e-003
4.423626669071601e-005	9.713293e-003	6.222438e-003
4.437577561928744e-005	9.807792e-003	5.910450e-003
4.451528454785887e-005	9.883778e-003	5.585359e-003
4.465479347643030e-005	9.941251e-003	5.247164e-003
4.479430240500173e-005	9.979074e-003	4.897727e-003
4.493381133357317e-005	9.997751e-003	4.539857e-003
4.507332026214460e-005	9.997282e-003	4.173552e-003
4.521282919071604e-005	9.977666e-003	3.798814e-003
4.535233811928747e-005	9.938903e-003	3.415642e-003
4.549184704785890e-005	9.880994e-003	3.024037e-003
4.563135597643033e-005	9.803938e-003	2.623998e-003
4.577086490500176e-005	9.707504e-003	2.218006e-003
4.591037383357319e-005	9.593077e-003	1.809046e-003
4.604988276214463e-005	9.460658e-003	1.397119e-003
4.618939169071606e-005	9.310246e-003	9.822244e-004
4.632890061928750e-005	9.141842e-003	5.643621e-004
4.646840954785893e-005	8.955445e-003	1.435322e-004
4.660791847643036e-005	8.751055e-003	-2.802653e-004
4.699854347643037e-005	8.092859e-003	-1.459047e-003
4.709619972643037e-005	7.908386e-003	-1.752428e-003
4.719385597643038e-005	7.716939e-003	-2.043748e-003
4.729151222643038e-005	7.518520e-003	-2.333008e-003
4.738916847643038e-005	7.313127e-003	-2.620206e-003
4.748682472643038e-005	7.100761e-003	-2.905344e-003
4.758448097643039e-005	6.881421e-003	-3.188420e-003
4.768213722643039e-005	6.655109e-003	-3.469436e-003
4.776584258357325e-005	6.456192e-003	-3.707734e-003
4.784954794071611e-005	6.253170e-003	-3.943237e-003
4.793325329785897e-005	6.046043e-003	-4.175944e-003
4.801695865500183e-005	5.834811e-003	-4.405855e-003
4.810066401214468e-005	5.619474e-003	-4.632970e-003
4.818436936928755e-005	5.400033e-003	-4.857289e-003
4.826807472643041e-005	5.176486e-003	-5.078813e-003
4.836573097643041e-005	4.910949e-003	-5.333115e-003
4.846338722643041e-005	4.641435e-003	-5.582019e-003
4.856104347643041e-005	4.367945e-003	-5.825526e-003
4.865869972643042e-005	4.090477e-003	-6.063636e-003
4.875635597643042e-005	3.809033e-003	-6.296349e-003
4.885401222643042e-005	3.523612e-003	-6.523664e-003
4.895166847643043e-005	3.234215e-003	-6.745582e-003
4.916093186928758e-005	2.598569e-003	-7.202985e-003
4.937019526214472e-005	1.958663e-003	-7.625730e-003
4.957945865500187e-005	1.314496e-003	-8.013816e-003
4.978872204785902e-005	6.660680e-004	-8.367243e-003
4.999798544071617e-005	1.337920e-005	-8.686012e-003
5.020724883357332e-005	-6.435704e-004	-8.970122e-003
5.041651222643047e-005	-1.304781e-003	-9.219573e-003
5.059787383357333e-005	-1.871651e-003	-9.401507e-003
5.077923544071620e-005	-2.428033e-003	-9.552161e-003
5.096059704785906e-005	-2.973927e-003	-9.671536e-003
5.114195865500192e-005	-3.509334e-003	-9.759630e-003
5.132332026214478e-005	-4.034252e-003	-9.816445e-003
5.150468186928764e-005	-4.548683e-003	-9.841979e-003
5.168604347643050e-005	-5.052626e-003	-9.836234e-003
5.182555240500194e-005	-5.427529e-003	-9.809253e-003
5.196506133357337e-005	-5.790335e-003	-9.763712e-003
5.210457026214480e-005	-6.141044e-003	-9.699613e-003
5.224407919071624e-005	-6.479655e-003	-9.616954e-003
5.238358811928767e-005	-6.806170e-003	-9.515737e-003
5.252309704785910e-005	-7.120586e-003	-9.395960e-003
5.266260597643053e-005	-7.422906e-003	-9.257624e-003
5.276026222643053e-005	-7.625389e-003	-9.150121e-003
5.285791847643054e-005	-7.820258e-003	-9.034234e-003
5.295557472643054e-005	-8.007513e-003	-8.909963e-003
5.305323097643054e-005	-8.187154e-003	-8.777307e-003
5.315088722643055e-005	-8.359182e-003	-8.636268e-003
5.324854347643055e-005	-8.523595e-003	-8.486844e-003
5.334619972643055e-005	-8.680394e-003	-8.329036e-003
5.342990508357341e-005	-8.808134e-003	-8.187460e-003
5.351361044071627e-005	-8.929585e-003	-8.040413e-003
5.359731579785913e-005	-9.044749e-003	-7.887893e-003
5.368102115500199e-005	-9.153625e-003	-7.729902e-003
5.376472651214485e-005	-9.256214e-003	-7.566439e-003
5.384843186928771e-005	-9.352514e-003	-7.397505e-003
5.393213722643057e-005	-9.442527e-003	-7.223099e-003
5.407164615500200e-005	-9.578125e-003	-6.920067e-003
5.421115508357343e-005	-9.694875e-003	-6.605032e-003
5.435066401214486e-005	-9.792776e-003	-6.277995e-003
5.449017294071630e-005	-9.871827e-003	-5.938955e-003
5.462968186928773e-005	-9.932029e-003	-5.587911e-003
5.476919079785916e-005	-9.973383e-003	-5.224865e-003
5.490869972643060e-005	-9.995887e-003	-4.849816e-003
5.509006133357346e-005	-9.995331e-003	-4.345779e-003
5.527142294071632e-005	-9.962905e-003	-3.831232e-003
5.545278454785918e-005	-9.898609e-003	-3.306175e-003
5.563414615500204e-005	-9.802443e-003	-2.770609e-003
5.581550776214491e-005	-9.674406e-003	-2.224533e-003
5.599686936928777e-005	-9.514500e-003	-1.667948e-003
5.617823097643063e-005	-9.322723e-003	-1.100853e-003
5.627588722643064e-005	-9.207045e-003	-7.951960e-004
5.637354347643064e-005	-9.083017e-003	-4.892715e-004
5.647119972643064e-005	-8.950638e-003	-1.830793e-004
5.656885597643064e-005	-8.809909e-003	1.233807e-004
5.666651222643065e-005	-8.660830e-003	4.301085e-004
5.676416847643065e-005	-8.503400e-003	7.371041e-004
5.686182472643065e-005	-8.337621e-003	1.044367e-003
5.694553008357351e-005	-8.189283e-003	1.306999e-003
5.702923544071637e-005	-8.035560e-003	1.568472e-003
5.711294079785923e-005	-7.876451e-003	1.828786e-003
5.719664615500209e-005	-7.711956e-003	2.087941e-003
5.728035151214495e-005	-7.542074e-003	2.345938e-003
5.736405686928781e-005	-7.366807e-003	2.602775e-003
5.744776222643067e-005	-7.186153e-003	2.858454e-003
5.754541847643067e-005	-6.968909e-003	3.154645e-003
5.764307472643067e-005	-6.745648e-003	3.447474e-003
5.774073097643068e-005	-6.516369e-003	3.736942e-003
5.783838722643068e-005	-6.281075e-003	4.023049e-003
5.793604347643068e-005	-6.039763e-003	4.305794e-003
5.803369972643069e-005	-5.792434e-003	4.585178e-003
5.813135597643069e-005	-5.539089e-003	4.861201e-003
5.821506133357355e-005	-5.317860e-003	5.094212e-003
5.829876669071641e-005	-5.093349e-003	5.323538e-003
5.838247204785927e-005	-4.865556e-003	5.549179e-003
5.846617740500213e-005	-4.634481e-003	5.771134e-003
5.854988276214498e-005	-4.400123e-003	5.989403e-003
5.863358811928785e-005	-4.162483e-003	6.203987e-003
5.871729347643071e-005	-3.921560e-003	6.414886e-003
5.889865508357357e-005	-3.386863e-003	6.859487e-003
5.908001669071643e-005	-2.845629e-003	7.279796e-003
5.926137829785929e-005	-2.297857e-003	7.675815e-003
5.944273990500215e-005	-1.743547e-003	8.047542e-003
5.962410151214501e-005	-1.182699e-003	8.394977e-003
5.980546311928788e-005	-6.153141e-004	8.718122e-003
5.998682472643074e-005	-4.139122e-005	9.016975e-003
6.019608811928789e-005	6.225817e-004	9.325703e-003
6.040535151214504e-005	1.276920e-003	9.593427e-003
6.061461490500219e-005	1.921624e-003	9.820148e-003
6.082387829785933e-005	2.556694e-003	1.000586e-002
6.103314169071648e-005	3.182130e-003	1.015058e-002
6.124240508357363e-005	3.797931e-003	1.025429e-002
6.145166847643078e-005	4.404098e-003	1.031699e-002
6.161907919071649e-005	4.872936e-003	1.033450e-002
6.178648990500222e-005	5.325304e-003	1.032483e-002
6.195390061928794e-005	5.761204e-003	1.028797e-002
6.212131133357365e-005	6.180636e-003	1.022393e-002
6.228872204785937e-005	6.583599e-003	1.013270e-002
6.245613276214510e-005	6.970093e-003	1.001429e-002
6.262354347643081e-005	7.340118e-003	9.868701e-003
6.272119972643081e-005	7.545426e-003	9.771689e-003
6.281885597643082e-005	7.743189e-003	9.666134e-003
6.291651222643082e-005	7.933405e-003	9.552035e-003
6.301416847643082e-005	8.116076e-003	9.429393e-003
6.311182472643082e-005	8.291200e-003	9.298207e-003
6.320948097643083e-005	8.458779e-003	9.158478e-003
6.330713722643083e-005	8.618812e-003	9.010206e-003
6.339084258357369e-005	8.749369e-003	8.876665e-003
6.347454794071655e-005	8.873674e-003	8.737519e-003
6.355825329785940e-005	8.991727e-003	8.592766e-003
6.364195865500227e-005	9.103528e-003	8.442408e-003
6.372566401214513e-005	9.209076e-003	8.286444e-003
6.380936936928799e-005	9.308372e-003	8.124874e-003
6.389307472643085e-005	9.401415e-003	7.957699e-003
6.403258365500229e-005	9.542145e-003	7.666416e-003
6.417209258357371e-005	9.664070e-003	7.362710e-003
6.431160151214515e-005	9.767189e-003	7.046582e-003
6.445111044071657e-005	9.851503e-003	6.718031e-003
6.459061936928801e-005	9.917012e-003	6.377056e-003
6.473012829785944e-005	9.963716e-003	6.023659e-003
6.486963722643088e-005	9.991615e-003	5.657839e-003
6.500914615500231e-005	9.999764e-003	5.281626e-003
6.514865508357374e-005	9.988869e-003	4.897910e-003
6.528816401214518e-005	9.958928e-003	4.506689e-003
6.542767294071660e-005	9.909943e-003	4.107964e-003
6.556718186928804e-005	9.841913e-003	3.701736e-003
6.570669079785946e-005	9.754838e-003	3.288003e-003
6.584619972643090e-005	9.648718e-003	2.866766e-003
6.597175776214520e-005	9.537031e-003	2.483790e-003
6.609731579785948e-005	9.411063e-003	2.099044e-003
6.622287383357377e-005	9.270814e-003	1.712528e-003
6.634843186928806e-005	9.116283e-003	1.324243e-003
6.647398990500236e-005	8.947471e-003	9.341884e-004
6.659954794071664e-005	8.764378e-003	5.423642e-004
6.672510597643093e-005	8.567004e-003	1.487705e-004
6.679486044071664e-005	8.451770e-003	-6.920303e-005
6.686461490500237e-005	8.332626e-003	-2.867070e-004
6.693436936928808e-005	8.209572e-003	-5.037415e-004
6.700412383357379e-005	8.082608e-003	-7.203063e-004
6.707387829785950e-005	7.951734e-003	-9.364016e-004
6.714363276214523e-005	7.816950e-003	-1.152027e-003
6.721338722643094e-005	7.678256e-003	-1.367184e-003
6.732499436928809e-005	7.448178e-003	-1.710272e-003
6.743660151214524e-005	7.209709e-003	-2.049794e-003
6.754820865500239e-005	6.962846e-003	-2.385751e-003
6.765981579785952e-005	6.707592e-003	-2.718142e-003
6.777142294071667e-005	6.443945e-003	-3.046968e-003
6.788303008357382e-005	6.171906e-003	-3.372229e-003
6.799463722643096e-005	5.891474e-003	-3.693924e-003
6.806439169071668e-005	5.712781e-003	-3.892086e-003
6.813414615500240e-005	5.531565e-003	-4.087986e-003
6.820390061928812e-005	5.347827e-003	-4.281623e-003
6.827365508357383e-005	5.161567e-003	-4.472998e-003
6.834340954785954e-005	4.972785e-003	-4.662111e-003
6.841316401214527e-005	4.781480e-003	-4.848962e-003
6.848291847643098e-005	4.587654e-003	-5.033550e-003
6.863637829785955e-005	4.151463e-003	-5.432024e-003
6.878983811928813e-005	3.708248e-003	-5.815028e-003
6.894329794071670e-005	3.258008e-003	-6.182560e-003
6.909675776214529e-005	2.800745e-003	-6.534621e-003
6.925021758357386e-005	2.336458e-003	-6.871211e-003
6.940367740500244e-005	1.865146e-003	-7.192330e-003
6.955713722643101e-005	1.386810e-003	-7.497977e-003
6.978035151214531e-005	6.809365e-004	-7.910774e-003
7.000356579785959e-005	-1.974934e-005	-8.279461e-003
7.022678008357388e-005	-7.152472e-004	-8.604041e-003
7.044999436928818e-005	-1.405557e-003	-8.884511e-003
7.067320865500248e-005	-2.090679e-003	-9.120874e-003
7.089642294071676e-005	-2.770613e-003	-9.313128e-003
7.111963722643105e-005	-3.445359e-003	-9.461273e-003
7.125914615500249e-005	-3.855223e-003	-9.527781e-003
7.139865508357392e-005	-4.255812e-003	-9.575435e-003
7.153816401214536e-005	-4.647126e-003	-9.604234e-003
7.167767294071678e-005	-5.029165e-003	-9.614180e-003
7.181718186928822e-005	-5.401929e-003	-9.605270e-003
7.195669079785964e-005	-5.765419e-003	-9.577507e-003
7.209619972643108e-005	-6.119633e-003	-9.530889e-003
7.223570865500252e-005	-6.461751e-003	-9.465022e-003
7.237521758357395e-005	-6.789961e-003	-9.381120e-003
7.251472651214538e-005	-7.104265e-003	-9.279183e-003
7.265423544071681e-005	-7.404661e-003	-9.159211e-003
7.279374436928825e-005	-7.691150e-003	-9.021205e-003
7.293325329785967e-005	-7.963732e-003	-8.865164e-003
7.307276222643111e-005	-8.222406e-003	-8.691088e-003
7.315646758357397e-005	-8.369439e-003	-8.578611e-003
7.324017294071683e-005	-8.510454e-003	-8.460309e-003
7.332387829785968e-005	-8.645450e-003	-8.336183e-003
7.340758365500255e-005	-8.774427e-003	-8.206233e-003
7.349128901214541e-005	-8.897385e-003	-8.070458e-003
7.357499436928827e-005	-9.014325e-003	-7.928859e-003
7.365869972643113e-005	-9.125246e-003	-7.781436e-003
7.379820865500257e-005	-9.296288e-003	-7.522558e-003
7.393771758357399e-005	-9.448848e-003	-7.250373e-003
7.407722651214543e-005	-9.582926e-003	-6.964882e-003
7.421673544071685e-005	-9.698523e-003	-6.666083e-003
7.435624436928829e-005	-9.795638e-003	-6.353978e-003
7.449575329785972e-005	-9.874271e-003	-6.028565e-003
7.463526222643115e-005	-9.934423e-003	-5.689846e-003
7.476082026214545e-005	-9.971774e-003	-5.375490e-003
7.488637829785973e-005	-9.993599e-003	-5.053918e-003
7.501193633357402e-005	-9.999897e-003	-4.725130e-003
7.513749436928831e-005	-9.990668e-003	-4.389126e-003
7.526305240500261e-005	-9.965913e-003	-4.045905e-003
7.538861044071689e-005	-9.925631e-003	-3.695469e-003
7.551416847643118e-005	-9.869822e-003	-3.337817e-003
7.566762829785975e-005	-9.779998e-003	-2.892491e-003
7.582108811928833e-005	-9.668247e-003	-2.442969e-003
7.597454794071690e-005	-9.534569e-003	-1.989253e-003
7.612800776214549e-005	-9.378963e-003	-1.531343e-003
7.628146758357406e-005	-9.201430e-003	-1.069237e-003
7.643492740500264e-005	-9.001971e-003	-6.029369e-004
7.658838722643121e-005	-8.780584e-003	-1.324419e-004
7.667209258357407e-005	-8.651470e-003	1.233842e-004
7.675579794071693e-005	-8.516618e-003	3.786958e-004
7.683950329785978e-005	-8.376029e-003	6.334928e-004
7.692320865500265e-005	-8.229702e-003	8.877752e-004
7.700691401214551e-005	-8.077638e-003	1.141543e-003
7.709061936928837e-005	-7.919836e-003	1.394796e-003
7.717432472643123e-005	-7.756297e-003	1.647535e-003
7.729988276214552e-005	-7.500251e-003	2.025235e-003
7.742544079785980e-005	-7.233623e-003	2.398335e-003
7.755099883357409e-005	-6.956413e-003	2.766836e-003
7.767655686928839e-005	-6.668620e-003	3.130737e-003
7.780211490500268e-005	-6.370244e-003	3.490038e-003
7.792767294071696e-005	-6.061286e-003	3.844741e-003
7.805323097643125e-005	-5.741745e-003	4.194843e-003
7.813693633357411e-005	-5.524092e-003	4.424062e-003
7.822064169071697e-005	-5.303009e-003	4.649812e-003
7.830434704785983e-005	-5.078495e-003	4.872092e-003
7.838805240500270e-005	-4.850550e-003	5.090903e-003
7.847175776214555e-005	-4.619175e-003	5.306244e-003
7.855546311928841e-005	-4.384369e-003	5.518115e-003
7.863916847643127e-005	-4.146133e-003	5.726517e-003
7.880657919071698e-005	-3.658520e-003	6.132944e-003
7.897398990500271e-005	-3.164261e-003	6.519703e-003
7.914140061928843e-005	-2.663356e-003	6.886794e-003
7.930881133357414e-005	-2.155805e-003	7.234217e-003
7.947622204785986e-005	-1.641608e-003	7.561973e-003
7.964363276214559e-005	-1.120765e-003	7.870060e-003
7.981104347643130e-005	-5.932758e-004	8.158480e-003
8.003425776214560e-005	1.161057e-004	8.507203e-003
8.025747204785988e-005	8.164418e-004	8.810482e-003
8.048068633357418e-005	1.507733e-003	9.068315e-003
8.070390061928847e-005	2.189978e-003	9.280702e-003
8.092711490500277e-005	2.863178e-003	9.447644e-003
8.115032919071705e-005	3.527332e-003	9.569141e-003
8.137354347643135e-005	4.182442e-003	9.645193e-003
8.154095419071706e-005	4.657176e-003	9.668563e-003
8.170836490500279e-005	5.115989e-003	9.665017e-003
8.187577561928851e-005	5.558881e-003	9.634557e-003
8.204318633357422e-005	5.985852e-003	9.577181e-003
8.221059704785994e-005	6.396902e-003	9.492891e-003
8.237800776214567e-005	6.792031e-003	9.381685e-003
8.254541847643138e-005	7.171239e-003	9.243564e-003
8.265702561928853e-005	7.411811e-003	9.136893e-003
8.276863276214568e-005	7.642599e-003	9.019178e-003
8.288023990500283e-005	7.863602e-003	8.890416e-003
8.299184704785996e-005	8.074820e-003	8.750609e-003
8.310345419071711e-005	8.276253e-003	8.599757e-003
8.321506133357426e-005	8.467902e-003	8.437859e-003
8.332666847643140e-005	8.649766e-003	8.264915e-003
8.341037383357426e-005	8.778917e-003	8.128451e-003
8.349407919071712e-005	8.901797e-003	7.986492e-003
8.357778454785998e-005	9.018408e-003	7.839037e-003
8.366148990500285e-005	9.128748e-003	7.686088e-003
8.374519526214571e-005	9.232819e-003	7.527643e-003
8.382890061928856e-005	9.330619e-003	7.363702e-003
8.391260597643142e-005	9.422149e-003	7.194267e-003
8.405211490500286e-005	9.560316e-003	6.899466e-003
8.419162383357428e-005	9.679655e-003	6.592567e-003
8.433113276214572e-005	9.780167e-003	6.273568e-003
8.447064169071715e-005	9.861851e-003	5.942470e-003
8.461015061928859e-005	9.924708e-003	5.599274e-003
8.474965954786001e-005	9.968737e-003	5.243979e-003
8.488916847643145e-005	9.993939e-003	4.876584e-003
8.507053008357431e-005	9.996907e-003	4.382332e-003
8.525189169071717e-005	9.967971e-003	3.877349e-003
8.543325329786003e-005	9.907132e-003	3.361636e-003
8.561461490500290e-005	9.814390e-003	2.835192e-003
8.579597651214576e-005	9.689745e-003	2.298018e-003
8.597733811928862e-005	9.533196e-003	1.750114e-003
8.615869972643148e-005	9.344744e-003	1.191480e-003
8.625635597643149e-005	9.230817e-003	8.902696e-004
8.635401222643149e-005	9.108512e-003	5.887184e-004
8.645166847643149e-005	8.977831e-003	2.868262e-004
8.654932472643150e-005	8.838773e-003	-1.540706e-005
8.664698097643150e-005	8.691339e-003	-3.179814e-004
8.674463722643150e-005	8.535528e-003	-6.208968e-004
8.684229347643150e-005	8.371341e-003	-9.241533e-004
8.692599883357436e-005	8.224342e-003	-1.183412e-003
8.700970419071722e-005	8.071931e-003	-1.441567e-003
8.709340954786008e-005	7.914108e-003	-1.698619e-003
8.717711490500295e-005	7.750871e-003	-1.954568e-003
8.726082026214581e-005	7.582223e-003	-2.209415e-003
8.734452561928866e-005	7.408162e-003	-2.463158e-003
8.742823097643152e-005	7.228688e-003	-2.715799e-003
8.752588722643152e-005	7.012783e-003	-3.008518e-003
8.762354347643153e-005	6.790817e-003	-3.297951e-003
8.772119972643153e-005	6.562790e-003	-3.584101e-003
8.781885597643153e-005	6.328701e-003	-3.866965e-003
8.791651222643154e-005	6.088552e-003	-4.146545e-003
8.801416847643154e-005	5.842342e-003	-4.422839e-003
8.811182472643154e-005	5.590071e-003	-4.695849e-003
8.819553008357440e-005	5.369724e-003	-4.926339e-003
8.827923544071726e-005	5.146057e-003	-5.153199e-003
8.836294079786011e-005	4.919071e-003	-5.376428e-003
8.844664615500298e-005	4.688765e-003	-5.596027e-003
8.853035151214584e-005	4.455139e-003	-5.811995e-003
8.861405686928870e-005	4.218194e-003	-6.024332e-003
8.869776222643156e-005	3.977930e-003	-6.233039e-003
8.887912383357442e-005	3.444528e-003	-6.673088e-003
8.906048544071728e-005	2.904395e-003	-7.089080e-003
8.924184704786014e-005	2.357530e-003	-7.481016e-003
8.942320865500301e-005	1.803932e-003	-7.848896e-003
8.960457026214587e-005	1.243603e-003	-8.192720e-003
8.978593186928873e-005	6.765419e-004	-8.512488e-003
8.996729347643159e-005	1.027488e-004	-8.808199e-003
9.017655686928874e-005	-5.613360e-004	-9.113582e-003
9.038582026214590e-005	-1.216044e-003	-9.378200e-003
9.059508365500305e-005	-1.861374e-003	-9.602055e-003
9.080434704786018e-005	-2.497328e-003	-9.785145e-003
9.101361044071733e-005	-3.123905e-003	-9.927472e-003
9.122287383357449e-005	-3.741105e-003	-1.002904e-002
9.143213722643164e-005	-4.348928e-003	-1.008984e-002
9.159954794071735e-005	-4.819266e-003	-1.010595e-002
9.176695865500308e-005	-5.273271e-003	-1.009498e-002
9.193436936928880e-005	-5.710944e-003	-1.005692e-002
9.210178008357451e-005	-6.132284e-003	-9.991777e-003
9.226919079786023e-005	-6.537292e-003	-9.899545e-003
9.243660151214595e-005	-6.925967e-003	-9.780225e-003
9.260401222643167e-005	-7.298309e-003	-9.633819e-003
9.270166847643167e-005	-7.505018e-003	-9.536358e-003
9.279932472643168e-005	-7.704215e-003	-9.430373e-003
9.289698097643168e-005	-7.895901e-003	-9.315864e-003
9.299463722643168e-005	-8.080077e-003	-9.192831e-003
9.309229347643168e-005	-8.256740e-003	-9.061273e-003
9.318994972643169e-005	-8.425893e-003	-8.921191e-003
9.328760597643169e-005	-8.587535e-003	-8.772585e-003
9.335736044071740e-005	-8.697868e-003	-8.661546e-003
9.342711490500313e-005	-8.803904e-003	-8.546578e-003
9.349686936928884e-005	-8.905641e-003	-8.427680e-003
9.356662383357455e-005	-9.003081e-003	-8.304852e-003
9.363637829786026e-005	-9.096223e-003	-8.178094e-003
9.370613276214599e-005	-9.185066e-003	-8.047406e-003
9.377588722643170e-005	-9.269612e-003	-7.912788e-003
9.391539615500314e-005	-9.425603e-003	-7.631267e-003
9.405490508357457e-005	-9.562939e-003	-7.336891e-003
9.419441401214600e-005	-9.681618e-003	-7.029660e-003
9.433392294071743e-005	-9.781642e-003	-6.709576e-003
9.447343186928887e-005	-9.863009e-003	-6.376636e-003
9.461294079786029e-005	-9.925720e-003	-6.030842e-003
9.475244972643173e-005	-9.969775e-003	-5.672193e-003
9.490590954786030e-005	-9.995438e-003	-5.264682e-003
9.505936936928888e-005	-9.998017e-003	-4.847754e-003
9.521282919071745e-005	-9.977513e-003	-4.421409e-003
9.536628901214604e-005	-9.933925e-003	-3.985647e-003
9.551974883357461e-005	-9.867253e-003	-3.540468e-003
9.567320865500319e-005	-9.777497e-003	-3.085873e-003
9.582666847643176e-005	-9.664657e-003	-2.621861e-003
9.595222651214605e-005	-9.555303e-003	-2.238439e-003
9.607778454786033e-005	-9.431630e-003	-1.853228e-003
9.620334258357463e-005	-9.293640e-003	-1.466226e-003
9.632890061928892e-005	-9.141330e-003	-1.077435e-003
9.645445865500321e-005	-8.974703e-003	-6.868527e-004
9.658001669071749e-005	-8.793756e-003	-2.944808e-004
9.670557472643179e-005	-8.598492e-003	9.968130e-005
9.699854347643180e-005	-8.092859e-003	1.013571e-003
9.709619972643180e-005	-7.908386e-003	1.317178e-003
9.719385597643180e-005	-7.716939e-003	1.618753e-003
9.729151222643180e-005	-7.518520e-003	1.918298e-003
9.738916847643181e-005	-7.313127e-003	2.215812e-003
9.748682472643181e-005	-7.100761e-003	2.511295e-003
9.758448097643181e-005	-6.881421e-003	2.804747e-003
9.768213722643181e-005	-6.655109e-003	3.096168e-003
9.807276222643183e-005	-5.691400e-003	4.226481e-003
9.814251669071754e-005	-5.509637e-003	4.422212e-003
9.821227115500326e-005	-5.325452e-003	4.615560e-003
9.828202561928898e-005	-5.138845e-003	4.806522e-003
9.835178008357469e-005	-4.949818e-003	4.995100e-003
9.842153454786040e-005	-4.758370e-003	5.181292e-003
9.849128901214613e-005	-4.564500e-003	5.365101e-003
9.856104347643184e-005	-4.368209e-003	5.546524e-003
9.872845419071756e-005	-3.885806e-003	5.972842e-003
9.889586490500328e-005	-3.396103e-003	6.379859e-003
9.906327561928900e-005	-2.899099e-003	6.767575e-003
9.923068633357471e-005	-2.394795e-003	7.135991e-003
9.939809704786043e-005	-1.883190e-003	7.485107e-003
9.956550776214616e-005	-1.364284e-003	7.814921e-003
9.973291847643187e-005	-8.380772e-004	8.125436e-003
9.992823097643188e-005	-2.254499e-004	8.456797e-003
1.000000000000000e-004	-1.224647e-017	8.571897e-003
