time	V(vin)	V(vout)
0.000000000000000e+000	0.000000e+000	1.812096e-005
2.441406180952316e-013	3.067961e-009	1.812096e-005
4.882812361904632e-013	6.135923e-009	1.812096e-005
1.143275637308813e-009	1.436687e-005	1.813998e-005
2.286062993381436e-009	2.872750e-005	1.819432e-005
3.428850349454059e-009	4.308805e-005	1.828396e-005
4.571637705526682e-009	5.744849e-005	1.840892e-005
5.714425061599305e-009	7.180885e-005	1.856920e-005
6.857212417671928e-009	8.616910e-005	1.876478e-005
7.999999773744548e-009	1.005293e-004	1.899568e-005
1.599999954748910e-008	2.010484e-004	2.151307e-005
2.978953728995681e-008	3.742589e-004	2.922828e-005
4.611402727705356e-008	5.791617e-004	4.522393e-005
7.052808977705356e-008	8.851223e-004	8.429326e-005
9.494215227705356e-008	1.190250e-003	1.433981e-004
1.193562147770536e-007	1.494257e-003	2.267501e-004
1.437702772770536e-007	1.796858e-003	3.358406e-004
1.681843397770536e-007	2.097768e-003	4.707900e-004
1.925984022770536e-007	2.396703e-003	6.305789e-004
2.170124647770536e-007	2.693383e-003	8.133251e-004
2.414265272770536e-007	2.987528e-003	1.016542e-003
2.658405897770536e-007	3.278861e-003	1.237360e-003
2.902546522770536e-007	3.567108e-003	1.472718e-003
3.146687147770536e-007	3.851998e-003	1.719509e-003
3.390827772770536e-007	4.133263e-003	1.974706e-003
3.634968397770536e-007	4.410638e-003	2.235442e-003
3.879109022770537e-007	4.683861e-003	2.499083e-003
4.123249647770537e-007	4.952676e-003	2.763262e-003
4.367390272770537e-007	5.216830e-003	3.025901e-003
4.611530897770537e-007	5.476074e-003	3.285222e-003
4.855671522770537e-007	5.730164e-003	3.539734e-003
5.099812147770537e-007	5.978860e-003	3.788223e-003
5.343952772770536e-007	6.221930e-003	4.029727e-003
5.588093397770536e-007	6.459144e-003	4.263508e-003
5.832234022770535e-007	6.690280e-003	4.489026e-003
6.076374647770535e-007	6.915118e-003	4.705910e-003
6.320515272770534e-007	7.133448e-003	4.913923e-003
6.564655897770534e-007	7.345064e-003	5.112942e-003
6.808796522770534e-007	7.549767e-003	5.302927e-003
7.297077772770533e-007	7.937671e-003	5.655935e-003
7.785359022770532e-007	8.295699e-003	5.973556e-003
8.273640272770531e-007	8.622505e-003	6.256627e-003
9.006062147770530e-007	9.051511e-003	6.618055e-003
9.738484022770530e-007	9.403896e-003	6.904931e-003
1.047090589777053e-006	9.676674e-003	7.117454e-003
1.120332777277053e-006	9.867539e-003	7.254886e-003
1.169160902277054e-006	9.948446e-003	7.304258e-003
1.242403089777054e-006	9.999544e-003	7.314248e-003
1.315645277277054e-006	9.965994e-003	7.246953e-003
1.364473402277054e-006	9.896712e-003	7.159230e-003
1.413301527277054e-006	9.790180e-003	7.037510e-003
1.462129652277054e-006	9.646801e-003	6.882224e-003
1.486543714777054e-006	9.561457e-003	6.792172e-003
1.510957777277054e-006	9.467114e-003	6.693962e-003
1.535371839777054e-006	9.363860e-003	6.587689e-003
1.559785902277055e-006	9.251794e-003	6.473460e-003
1.584199964777055e-006	9.131020e-003	6.351389e-003
1.633028089777055e-006	8.863812e-003	6.084214e-003
1.681856214777055e-006	8.563244e-003	5.787231e-003
1.730684339777055e-006	8.230445e-003	5.461620e-003
1.779512464777055e-006	7.866669e-003	5.108673e-003
1.828340589777055e-006	7.473283e-003	4.729777e-003
1.852754652277055e-006	7.265946e-003	4.531059e-003
1.877168714777055e-006	7.051771e-003	4.326419e-003
1.901582777277055e-006	6.830959e-003	4.116054e-003
1.925996839777055e-006	6.603717e-003	3.900171e-003
1.950410902277055e-006	6.370260e-003	3.678979e-003
1.974824964777055e-006	6.130808e-003	3.452692e-003
2.023653089777055e-006	5.634825e-003	2.985715e-003
2.096895277277054e-006	4.851689e-003	2.252665e-003
2.145723402277054e-006	4.306358e-003	1.744994e-003
2.194551527277054e-006	3.744818e-003	1.224423e-003
2.218965589777054e-006	3.458629e-003	9.599252e-004
2.292207777277053e-006	2.581622e-003	1.526511e-004
2.365449964777053e-006	1.682761e-003	-6.698313e-004
2.438692152277052e-006	7.696552e-004	-1.500395e-003
2.511934339777052e-006	-1.499657e-004	-2.331842e-003
2.557274741562766e-006	-7.236443e-004	-2.847969e-003
2.602615143348480e-006	-1.290442e-003	-3.355817e-003
2.647955545134194e-006	-1.850358e-003	-3.855386e-003
2.693295946919908e-006	-2.403392e-003	-4.346677e-003
2.738636348705622e-006	-2.949546e-003	-4.829689e-003
2.783976750491336e-006	-3.488818e-003	-5.304422e-003
2.829317152277050e-006	-4.021209e-003	-5.770877e-003
2.888608446919907e-006	-4.699853e-003	-6.361629e-003
2.947899741562764e-006	-5.344048e-003	-6.917940e-003
3.007191036205620e-006	-5.953794e-003	-7.439810e-003
3.066482330848477e-006	-6.529089e-003	-7.927240e-003
3.125773625491334e-006	-7.069936e-003	-8.380229e-003
3.185064920134191e-006	-7.576333e-003	-8.798777e-003
3.244356214777047e-006	-8.048280e-003	-9.182884e-003
3.286208893348476e-006	-8.350815e-003	-9.424624e-003
3.328061571919904e-006	-8.628538e-003	-9.642716e-003
3.369914250491332e-006	-8.881451e-003	-9.837161e-003
3.411766929062761e-006	-9.109553e-003	-1.000796e-002
3.453619607634189e-006	-9.312844e-003	-1.015511e-002
3.495472286205617e-006	-9.491324e-003	-1.027862e-002
3.537324964777046e-006	-9.644994e-003	-1.037847e-002
3.558251304062760e-006	-9.711181e-003	-1.041847e-002
3.579177643348474e-006	-9.770565e-003	-1.045211e-002
3.600103982634188e-006	-9.823145e-003	-1.047939e-002
3.621030321919902e-006	-9.868921e-003	-1.050032e-002
3.641956661205616e-006	-9.907894e-003	-1.051489e-002
3.662883000491331e-006	-9.940062e-003	-1.052310e-002
3.683809339777045e-006	-9.965427e-003	-1.052496e-002
3.708223402277045e-006	-9.986215e-003	-1.051894e-002
3.732637464777044e-006	-9.997604e-003	-1.050425e-002
3.757051527277044e-006	-9.999593e-003	-1.048090e-002
3.781465589777044e-006	-9.992184e-003	-1.044888e-002
3.805879652277044e-006	-9.975375e-003	-1.040819e-002
3.830293714777044e-006	-9.949166e-003	-1.035884e-002
3.854707777277044e-006	-9.913559e-003	-1.030082e-002
3.872146393348472e-006	-9.882378e-003	-1.025414e-002
3.889585009419901e-006	-9.846501e-003	-1.020317e-002
3.907023625491329e-006	-9.805928e-003	-1.014793e-002
3.924462241562758e-006	-9.760660e-003	-1.008842e-002
3.941900857634186e-006	-9.710695e-003	-1.002463e-002
3.959339473705615e-006	-9.656035e-003	-9.956566e-003
3.976778089777043e-006	-9.596679e-003	-9.884226e-003
4.050020277277042e-006	-9.297671e-003	-9.535531e-003
4.091872955848470e-006	-9.089424e-003	-9.302390e-003
4.133725634419899e-006	-8.857833e-003	-9.048593e-003
4.175578312991327e-006	-8.602898e-003	-8.774141e-003
4.217430991562756e-006	-8.324618e-003	-8.479032e-003
4.259283670134184e-006	-8.022994e-003	-8.163268e-003
4.301136348705613e-006	-7.698026e-003	-7.826848e-003
4.342989027277041e-006	-7.349713e-003	-7.469771e-003
4.416231214777040e-006	-6.695372e-003	-6.806665e-003
4.465059339777040e-006	-6.227294e-003	-6.337314e-003
4.538301527277039e-006	-5.481807e-003	-5.596664e-003
4.611543714777039e-006	-4.689915e-003	-4.817527e-003
4.646420946919896e-006	-4.296474e-003	-4.432973e-003
4.681298179062753e-006	-3.896737e-003	-4.043723e-003
4.716175411205610e-006	-3.490703e-003	-3.649777e-003
4.751052643348466e-006	-3.078372e-003	-3.251136e-003
4.785929875491323e-006	-2.659745e-003	-2.847799e-003
4.820807107634181e-006	-2.234820e-003	-2.439766e-003
4.855684339777038e-006	-1.803600e-003	-2.027038e-003
4.904512464777037e-006	-1.197054e-003	-1.448624e-003
4.953340589777037e-006	-5.860035e-004	-8.683664e-004
5.026582777277037e-006	3.339869e-004	8.012512e-007
5.099824964777036e-006	1.251150e-003	8.621025e-004
5.141677643348464e-006	1.774465e-003	1.351147e-003
5.183530321919893e-006	2.289381e-003	1.830795e-003
5.225383000491321e-006	2.795898e-003	2.301047e-003
5.267235679062750e-006	3.294018e-003	2.761904e-003
5.309088357634178e-006	3.783738e-003	3.213365e-003
5.350941036205606e-006	4.265061e-003	3.655430e-003
5.392793714777034e-006	4.737985e-003	4.088099e-003
5.448597286205606e-006	5.349902e-003	4.645158e-003
5.504400857634176e-006	5.928887e-003	5.169514e-003
5.560204429062748e-006	6.474937e-003	5.661166e-003
5.616008000491318e-006	6.988055e-003	6.120114e-003
5.671811571919890e-006	7.468238e-003	6.546358e-003
5.727615143348461e-006	7.915489e-003	6.939897e-003
5.783418714777032e-006	8.329806e-003	7.300733e-003
5.825271393348460e-006	8.610655e-003	7.542666e-003
5.867124071919889e-006	8.866133e-003	7.760454e-003
5.908976750491317e-006	9.096240e-003	7.954098e-003
5.950829429062745e-006	9.300975e-003	8.123596e-003
5.992682107634173e-006	9.480340e-003	8.268950e-003
6.034534786205602e-006	9.634334e-003	8.390159e-003
6.076387464777030e-006	9.762956e-003	8.487224e-003
6.093826080848458e-006	9.808079e-003	8.519784e-003
6.111264696919887e-006	9.848450e-003	8.547905e-003
6.128703312991315e-006	9.884070e-003	8.571586e-003
6.146141929062744e-006	9.914938e-003	8.590827e-003
6.163580545134172e-006	9.941054e-003	8.605628e-003
6.181019161205601e-006	9.962419e-003	8.615990e-003
6.198457777277029e-006	9.979032e-003	8.621912e-003
6.226359562991315e-006	9.995543e-003	8.621988e-003
6.254261348705601e-006	9.999798e-003	8.610762e-003
6.282163134419886e-006	9.991798e-003	8.588235e-003
6.310064920134172e-006	9.971542e-003	8.554406e-003
6.337966705848457e-006	9.939030e-003	8.509275e-003
6.365868491562743e-006	9.894263e-003	8.452842e-003
6.393770277277028e-006	9.837241e-003	8.385107e-003
6.442598402277028e-006	9.708543e-003	8.240262e-003
6.463524741562742e-006	9.642024e-003	8.167800e-003
6.484451080848456e-006	9.568978e-003	8.089432e-003
6.505377420134170e-006	9.489404e-003	8.005159e-003
6.526303759419885e-006	9.403302e-003	7.914980e-003
6.547230098705599e-006	9.310672e-003	7.818895e-003
6.568156437991313e-006	9.211515e-003	7.716905e-003
6.589082777277027e-006	9.105830e-003	7.609010e-003
6.620472286205599e-006	8.934955e-003	7.436023e-003
6.651861795134169e-006	8.750957e-003	7.251388e-003
6.683251304062741e-006	8.553834e-003	7.055105e-003
6.714640812991312e-006	8.343587e-003	6.847173e-003
6.746030321919883e-006	8.120215e-003	6.627593e-003
6.777419830848454e-006	7.883719e-003	6.396364e-003
6.808809339777026e-006	7.634098e-003	6.153486e-003
6.826247955848454e-006	7.490548e-003	6.014335e-003
6.843686571919883e-006	7.343582e-003	5.872224e-003
6.861125187991311e-006	7.193200e-003	5.727154e-003
6.878563804062740e-006	7.039403e-003	5.579125e-003
6.896002420134168e-006	6.882190e-003	5.428137e-003
6.913441036205597e-006	6.721561e-003	5.274189e-003
6.930879652277025e-006	6.557516e-003	5.117282e-003
6.972732330848453e-006	6.148478e-003	4.727325e-003
7.014585009419882e-006	5.725475e-003	4.325863e-003
7.056437687991310e-006	5.288507e-003	3.912898e-003
7.098290366562739e-006	4.837575e-003	3.488430e-003
7.140143045134166e-006	4.372679e-003	3.052457e-003
7.181995723705595e-006	3.893817e-003	2.604981e-003
7.223848402277023e-006	3.400991e-003	2.146001e-003
7.297090589777023e-006	2.522294e-003	1.331672e-003
7.370332777277022e-006	1.622245e-003	5.024573e-004
7.408697732634165e-006	1.142027e-003	6.197346e-005
7.447062687991307e-006	6.619426e-004	-3.770135e-004
7.485427643348450e-006	1.819927e-004	-8.145035e-004
7.523792598705593e-006	-2.978229e-004	-1.250497e-003
7.562157554062736e-006	-7.775043e-004	-1.684993e-003
7.600522509419878e-006	-1.257051e-003	-2.117992e-003
7.638887464777021e-006	-1.736464e-003	-2.549495e-003
7.673764696919879e-006	-2.168283e-003	-2.936852e-003
7.708641929062737e-006	-2.593928e-003	-3.317432e-003
7.743519161205594e-006	-3.013401e-003	-3.691233e-003
7.778396393348454e-006	-3.426700e-003	-4.058257e-003
7.813273625491312e-006	-3.833827e-003	-4.418503e-003
7.848150857634170e-006	-4.234780e-003	-4.771971e-003
7.883028089777028e-006	-4.629561e-003	-5.118661e-003
7.938831661205600e-006	-5.245840e-003	-5.656817e-003
7.994635232634174e-006	-5.829632e-003	-6.162805e-003
8.050438804062746e-006	-6.380937e-003	-6.636626e-003
8.106242375491320e-006	-6.899754e-003	-7.078278e-003
8.162045946919893e-006	-7.386084e-003	-7.487764e-003
8.217849518348467e-006	-7.839926e-003	-7.865081e-003
8.273653089777039e-006	-8.261280e-003	-8.210232e-003
8.315505768348469e-006	-8.547616e-003	-8.440671e-003
8.357358446919898e-006	-8.808715e-003	-8.647156e-003
8.399211125491329e-006	-9.044577e-003	-8.829688e-003
8.441063804062758e-006	-9.255203e-003	-8.988266e-003
8.482916482634188e-006	-9.440592e-003	-9.122890e-003
8.524769161205617e-006	-9.600745e-003	-9.233561e-003
8.566621839777047e-006	-9.735661e-003	-9.320278e-003
8.584060455848477e-006	-9.783415e-003	-9.348555e-003
8.601499071919905e-006	-9.826426e-003	-9.372412e-003
8.618937687991335e-006	-9.864694e-003	-9.391849e-003
8.636376304062763e-006	-9.898219e-003	-9.406865e-003
8.653814920134193e-006	-9.927002e-003	-9.417462e-003
8.671253536205621e-006	-9.951041e-003	-9.423638e-003
8.688692152277051e-006	-9.970337e-003	-9.425393e-003
8.716593937991338e-006	-9.991158e-003	-9.418843e-003
8.744495723705623e-006	-9.999715e-003	-9.401014e-003
8.772397509419910e-006	-9.996009e-003	-9.371906e-003
8.800299295134197e-006	-9.980039e-003	-9.331518e-003
8.828201080848484e-006	-9.951806e-003	-9.279851e-003
8.856102866562769e-006	-9.911310e-003	-9.216905e-003
8.884004652277056e-006	-9.858550e-003	-9.142680e-003
8.981660902277059e-006	-9.579248e-003	-8.796968e-003
9.054903089777061e-006	-9.274906e-003	-8.451840e-003
9.082804875491348e-006	-9.137647e-003	-8.301121e-003
9.110706661205634e-006	-8.989649e-003	-8.140859e-003
9.138608446919921e-006	-8.830912e-003	-7.971056e-003
9.166510232634208e-006	-8.661436e-003	-7.791710e-003
9.194412018348495e-006	-8.481222e-003	-7.602822e-003
9.222313804062780e-006	-8.290269e-003	-7.404392e-003
9.250215589777067e-006	-8.088578e-003	-7.196419e-003
9.299043714777068e-006	-7.712787e-003	-6.812588e-003
9.333920946919926e-006	-7.424964e-003	-6.521330e-003
9.368798179062784e-006	-7.124396e-003	-6.219195e-003
9.403675411205642e-006	-6.811083e-003	-5.906186e-003
9.438552643348502e-006	-6.485026e-003	-5.582300e-003
9.473429875491359e-006	-6.146224e-003	-5.247539e-003
9.508307107634217e-006	-5.794677e-003	-4.901902e-003
9.543184339777075e-006	-5.430385e-003	-4.545390e-003
9.616426527277077e-006	-4.635634e-003	-3.772733e-003
9.689668714777079e-006	-3.801642e-003	-2.968513e-003
9.738496839777081e-006	-3.227320e-003	-2.418144e-003
9.755935455848511e-006	-3.018894e-003	-2.219057e-003
9.773374071919939e-006	-2.809271e-003	-2.019155e-003
9.790812687991369e-006	-2.598452e-003	-1.818438e-003
9.808251304062797e-006	-2.386437e-003	-1.616906e-003
9.825689920134226e-006	-2.173225e-003	-1.414559e-003
9.843128536205655e-006	-1.958817e-003	-1.211397e-003
9.860567152277084e-006	-1.743213e-003	-1.007420e-003
9.891956661205656e-006	-1.352015e-003	-6.381352e-004
9.923346170134229e-006	-9.602401e-004	-2.692866e-004
9.954735679062801e-006	-5.678882e-004	9.912541e-005
9.986125187991374e-006	-1.749592e-004	4.671009e-004
1.001751469691995e-005	2.185467e-004	8.346399e-004
1.004890420584852e-005	6.126296e-004	1.201742e-003
1.008029371477709e-005	1.007289e-003	1.568408e-003
1.011517094691995e-005	1.444278e-003	1.973241e-003
1.015004817906281e-005	1.876444e-003	2.372459e-003
1.018492541120566e-005	2.303789e-003	2.766061e-003
1.021980264334852e-005	2.726313e-003	3.154047e-003
1.025467987549138e-005	3.144015e-003	3.536418e-003
1.028955710763424e-005	3.556895e-003	3.913173e-003
1.032443433977710e-005	3.964954e-003	4.284313e-003
1.038023791120567e-005	4.605434e-003	4.864126e-003
1.043604148263424e-005	5.216202e-003	5.414040e-003
1.049184505406282e-005	5.797259e-003	5.934055e-003
1.054764862549139e-005	6.348605e-003	6.424169e-003
1.060345219691996e-005	6.870239e-003	6.884385e-003
1.065925576834854e-005	7.362161e-003	7.314701e-003
1.071505933977711e-005	7.824373e-003	7.715117e-003
1.076039974156282e-005	8.168498e-003	8.010002e-003
1.080574014334854e-005	8.483831e-003	8.277332e-003
1.085108054513426e-005	8.770371e-003	8.517106e-003
1.089642094691997e-005	9.028119e-003	8.729324e-003
1.094176134870569e-005	9.257074e-003	8.913986e-003
1.098710175049140e-005	9.457237e-003	9.071093e-003
1.103244215227712e-005	9.628608e-003	9.200644e-003
1.105336849156283e-005	9.696359e-003	9.249840e-003
1.107429483084855e-005	9.757314e-003	9.292669e-003
1.109522117013426e-005	9.811473e-003	9.329130e-003
1.111614750941998e-005	9.858835e-003	9.359224e-003
1.113707384870569e-005	9.899400e-003	9.382950e-003
1.115800018799141e-005	9.933169e-003	9.400308e-003
1.117892652727712e-005	9.960142e-003	9.411300e-003
1.125216871477712e-005	9.999963e-003	9.399114e-003
1.127658277727713e-005	9.994351e-003	9.377507e-003
1.130099683977713e-005	9.979395e-003	9.347313e-003
1.132541090227713e-005	9.955094e-003	9.308530e-003
1.134982496477713e-005	9.921447e-003	9.261160e-003
1.137423902727713e-005	9.878456e-003	9.205201e-003
1.139865308977713e-005	9.826119e-003	9.140655e-003
1.142306715227713e-005	9.764438e-003	9.067520e-003
1.152072340227713e-005	9.426876e-003	8.692480e-003
1.155908835763428e-005	9.253808e-003	8.508320e-003
1.159745331299142e-005	9.060497e-003	8.306107e-003
1.163581826834856e-005	8.846945e-003	8.085840e-003
1.167418322370571e-005	8.613150e-003	7.847519e-003
1.171254817906285e-005	8.359114e-003	7.591144e-003
1.175091313442000e-005	8.084835e-003	7.316716e-003
1.178927808977714e-005	7.790314e-003	7.024234e-003
1.182066759870571e-005	7.535906e-003	6.773200e-003
1.185205710763428e-005	7.270854e-003	6.512995e-003
1.188344661656286e-005	6.995157e-003	6.243619e-003
1.191483612549143e-005	6.708817e-003	5.965073e-003
1.194622563442000e-005	6.411833e-003	5.677356e-003
1.197761514334857e-005	6.104205e-003	5.380468e-003
1.200900465227715e-005	5.785933e-003	5.074410e-003
1.208224683977715e-005	5.011819e-003	4.334283e-003
1.211363634870572e-005	4.665265e-003	4.004694e-003
1.214502585763429e-005	4.312850e-003	3.670542e-003
1.217641536656286e-005	3.954575e-003	3.331829e-003
1.220780487549144e-005	3.590439e-003	2.988554e-003
1.223919438442001e-005	3.220444e-003	2.640717e-003
1.227058389334858e-005	2.844588e-003	2.288318e-003
1.230197340227715e-005	2.462872e-003	1.931357e-003
1.231941201834858e-005	2.249649e-003	1.732378e-003
1.233685063442001e-005	2.035604e-003	1.532920e-003
1.235428925049144e-005	1.820737e-003	1.332984e-003
1.237172786656287e-005	1.605047e-003	1.132569e-003
1.238916648263430e-005	1.388536e-003	9.316753e-004
1.240660509870573e-005	1.171202e-003	7.303035e-004
1.242404371477716e-005	9.530461e-004	5.284532e-004
1.249728590227716e-005	3.410629e-005	-3.186761e-004
1.257052808977716e-005	-8.851223e-004	-1.161032e-003
1.264377027727716e-005	-1.796858e-003	-1.991442e-003
1.268213523263431e-005	-2.271495e-003	-2.421664e-003
1.272050018799145e-005	-2.738197e-003	-2.843256e-003
1.275886514334860e-005	-3.196964e-003	-3.256218e-003
1.279723009870574e-005	-3.647795e-003	-3.660550e-003
1.283559505406288e-005	-4.090691e-003	-4.056253e-003
1.287396000942003e-005	-4.525651e-003	-4.443326e-003
1.291232496477717e-005	-4.952676e-003	-4.821769e-003
1.296812853620574e-005	-5.555594e-003	-5.353012e-003
1.302393210763432e-005	-6.124702e-003	-5.850919e-003
1.307973567906289e-005	-6.659999e-003	-6.315488e-003
1.313553925049146e-005	-7.161486e-003	-6.746721e-003
1.319134282192004e-005	-7.629162e-003	-7.144617e-003
1.324714639334861e-005	-8.063029e-003	-7.509176e-003
1.330294996477718e-005	-8.463085e-003	-7.840399e-003
1.334480264334861e-005	-8.732834e-003	-8.059878e-003
1.338665532192004e-005	-8.976955e-003	-8.255086e-003
1.342850800049147e-005	-9.195447e-003	-8.426022e-003
1.347036067906290e-005	-9.388311e-003	-8.572687e-003
1.351221335763433e-005	-9.555547e-003	-8.695079e-003
1.355406603620576e-005	-9.697154e-003	-8.793200e-003
1.359591871477719e-005	-9.813133e-003	-8.867049e-003
1.366916090227719e-005	-9.948446e-003	-8.933473e-003
1.368659951834862e-005	-9.968288e-003	-8.937755e-003
1.370403813442005e-005	-9.983332e-003	-8.937601e-003
1.372147675049148e-005	-9.993578e-003	-8.933011e-003
1.373891536656291e-005	-9.999025e-003	-8.923985e-003
1.375635398263434e-005	-9.999675e-003	-8.910522e-003
1.377379259870577e-005	-9.995527e-003	-8.892624e-003
1.379123121477720e-005	-9.986580e-003	-8.870289e-003
1.381564527727720e-005	-9.965890e-003	-8.831489e-003
1.384005933977720e-005	-9.935917e-003	-8.784211e-003
1.386447340227720e-005	-9.896660e-003	-8.728454e-003
1.388888746477720e-005	-9.848120e-003	-8.664220e-003
1.391330152727720e-005	-9.790297e-003	-8.591508e-003
1.393771558977720e-005	-9.723191e-003	-8.510317e-003
1.396212965227720e-005	-9.646801e-003	-8.420648e-003
1.403537183977720e-005	-9.363860e-003	-8.103109e-003
1.406676134870578e-005	-9.217464e-003	-7.944266e-003
1.409815085763435e-005	-9.057414e-003	-7.773270e-003
1.412954036656292e-005	-8.883709e-003	-7.590123e-003
1.416092987549149e-005	-8.696350e-003	-7.394823e-003
1.419231938442007e-005	-8.495336e-003	-7.187372e-003
1.422370889334864e-005	-8.280668e-003	-6.967768e-003
1.425509840227721e-005	-8.052345e-003	-6.736013e-003
1.427951246477721e-005	-7.866188e-003	-6.548264e-003
1.430392652727721e-005	-7.673101e-003	-6.354507e-003
1.432834058977721e-005	-7.473084e-003	-6.154743e-003
1.435275465227721e-005	-7.266137e-003	-5.948971e-003
1.437716871477721e-005	-7.052260e-003	-5.737191e-003
1.440158277727721e-005	-6.831453e-003	-5.519404e-003
1.442599683977722e-005	-6.603717e-003	-5.295609e-003
1.446087407192007e-005	-6.266610e-003	-4.965766e-003
1.449575130406293e-005	-5.919195e-003	-4.627399e-003
1.453062853620579e-005	-5.561470e-003	-4.280508e-003
1.456550576834865e-005	-5.193437e-003	-3.925093e-003
1.460038300049151e-005	-4.815095e-003	-3.561155e-003
1.463526023263436e-005	-4.426443e-003	-3.188692e-003
1.467013746477722e-005	-4.027483e-003	-2.807705e-003
1.471896558977722e-005	-3.458629e-003	-2.266722e-003
1.479220777727723e-005	-2.581622e-003	-1.437438e-003
1.480964639334866e-005	-2.369049e-003	-1.237252e-003
1.482708500942008e-005	-2.155597e-003	-1.036544e-003
1.484452362549151e-005	-1.941264e-003	-8.353152e-004
1.486196224156294e-005	-1.726051e-003	-6.335647e-004
1.487940085763437e-005	-1.509958e-003	-4.312928e-004
1.489683947370580e-005	-1.292985e-003	-2.284993e-004
1.491427808977723e-005	-1.075131e-003	-2.518449e-005
1.494915532192009e-005	-6.363977e-004	3.833469e-004
1.498403255406295e-005	-1.985394e-004	7.898856e-004
1.501890978620580e-005	2.384438e-004	1.194432e-003
1.505378701834866e-005	6.745518e-004	1.596985e-003
1.508866425049152e-005	1.109785e-003	1.997545e-003
1.512354148263438e-005	1.544142e-003	2.396113e-003
1.515841871477724e-005	1.977625e-003	2.792688e-003
1.520375911656295e-005	2.536920e-003	3.302493e-003
1.524909951834867e-005	3.083666e-003	3.798857e-003
1.529443992013438e-005	3.617863e-003	4.281779e-003
1.533978032192010e-005	4.139511e-003	4.751258e-003
1.538512072370582e-005	4.648610e-003	5.207296e-003
1.543046112549153e-005	5.145160e-003	5.649892e-003
1.547580152727725e-005	5.629161e-003	6.079045e-003
1.553509282192011e-005	6.235774e-003	6.613122e-003
1.559438411656296e-005	6.800635e-003	7.106369e-003
1.565367541120582e-005	7.323744e-003	7.558789e-003
1.571296670584868e-005	7.805102e-003	7.970379e-003
1.577225800049154e-005	8.244708e-003	8.341141e-003
1.583154929513440e-005	8.642562e-003	8.671074e-003
1.589084058977726e-005	8.998665e-003	8.960179e-003
1.592223009870583e-005	9.164165e-003	9.091496e-003
1.595361960763440e-005	9.314890e-003	9.208853e-003
1.598500911656297e-005	9.450840e-003	9.312251e-003
1.601639862549155e-005	9.572014e-003	9.401690e-003
1.604778813442012e-005	9.678414e-003	9.477169e-003
1.607917764334869e-005	9.770039e-003	9.538689e-003
1.611056715227726e-005	9.846888e-003	9.586249e-003
1.618380933977727e-005	9.965427e-003	9.640637e-003
1.620473567906298e-005	9.983828e-003	9.641742e-003
1.622566201834869e-005	9.995320e-003	9.636460e-003
1.624658835763441e-005	9.999903e-003	9.624790e-003
1.626751469692013e-005	9.997576e-003	9.606733e-003
1.628844103620584e-005	9.988340e-003	9.582289e-003
1.630936737549156e-005	9.972194e-003	9.551457e-003
1.633029371477727e-005	9.949139e-003	9.514238e-003
1.634773233084870e-005	9.924635e-003	9.478366e-003
1.636517094692013e-005	9.895406e-003	9.438176e-003
1.638260956299156e-005	9.861453e-003	9.393668e-003
1.640004817906299e-005	9.822776e-003	9.344841e-003
1.641748679513441e-005	9.779375e-003	9.291697e-003
1.643492541120585e-005	9.731250e-003	9.234235e-003
1.645236402727727e-005	9.678401e-003	9.172454e-003
1.647329036656299e-005	9.608759e-003	9.092653e-003
1.649421670584870e-005	9.532618e-003	9.006982e-003
1.651514304513442e-005	9.449978e-003	8.915442e-003
1.653606938442013e-005	9.360838e-003	8.818032e-003
1.655699572370585e-005	9.265199e-003	8.714754e-003
1.657792206299156e-005	9.163060e-003	8.605606e-003
1.659884840227728e-005	9.054422e-003	8.490589e-003
1.663372563442014e-005	8.858613e-003	8.285591e-003
1.666860286656299e-005	8.646897e-003	8.066528e-003
1.670348009870585e-005	8.419274e-003	7.833402e-003
1.673835733084871e-005	8.175744e-003	7.586211e-003
1.677323456299157e-005	7.916307e-003	7.324956e-003
1.680811179513443e-005	7.640963e-003	7.049637e-003
1.684298902727728e-005	7.349713e-003	6.760253e-003
1.691623121477729e-005	6.695372e-003	6.115870e-003
1.698947340227729e-005	5.984353e-003	5.422873e-003
1.702783835763443e-005	5.588837e-003	5.040072e-003
1.706620331299158e-005	5.182765e-003	4.648755e-003
1.710456826834872e-005	4.766137e-003	4.248923e-003
1.714293322370587e-005	4.338954e-003	3.840576e-003
1.718129817906301e-005	3.901214e-003	3.423714e-003
1.721966313442015e-005	3.452919e-003	2.998337e-003
1.725802808977730e-005	2.994068e-003	2.564444e-003
1.728244215227730e-005	2.699277e-003	2.286480e-003
1.730685621477730e-005	2.402649e-003	2.007372e-003
1.733127027727730e-005	2.104184e-003	1.727122e-003
1.735568433977730e-005	1.803881e-003	1.445729e-003
1.738009840227730e-005	1.501741e-003	1.163193e-003
1.740451246477730e-005	1.197764e-003	8.795138e-004
1.742892652727730e-005	8.919486e-004	5.946919e-004
1.750216871477730e-005	-2.725284e-005	-2.579802e-004
1.753704594692016e-005	-4.674469e-004	-6.644954e-004
1.757192317906302e-005	-9.046608e-004	-1.067116e-003
1.760680041120588e-005	-1.338895e-003	-1.465841e-003
1.764167764334874e-005	-1.770148e-003	-1.860671e-003
1.767655487549159e-005	-2.198422e-003	-2.251605e-003
1.771143210763445e-005	-2.623715e-003	-2.638645e-003
1.774630933977731e-005	-3.046029e-003	-3.021789e-003
1.778816201834874e-005	-3.545765e-003	-3.473530e-003
1.783001469692017e-005	-4.032437e-003	-3.911735e-003
1.787186737549160e-005	-4.506046e-003	-4.336404e-003
1.791372005406303e-005	-4.966592e-003	-4.747537e-003
1.795557273263446e-005	-5.414075e-003	-5.145135e-003
1.799742541120589e-005	-5.848493e-003	-5.529197e-003
1.803927808977732e-005	-6.269849e-003	-5.899724e-003
1.809508166120589e-005	-6.805680e-003	-6.367485e-003
1.815088523263446e-005	-7.302520e-003	-6.797439e-003
1.820668880406304e-005	-7.760367e-003	-7.189588e-003
1.826249237549161e-005	-8.179223e-003	-7.543929e-003
1.831829594692019e-005	-8.559088e-003	-7.860465e-003
1.837409951834876e-005	-8.899960e-003	-8.139194e-003
1.842990308977733e-005	-9.201841e-003	-8.380117e-003
1.846129259870590e-005	-9.349492e-003	-8.494792e-003
1.849268210763447e-005	-9.482151e-003	-8.595372e-003
1.852407161656305e-005	-9.599818e-003	-8.681857e-003
1.855546112549162e-005	-9.702492e-003	-8.754247e-003
1.858685063442019e-005	-9.790175e-003	-8.812541e-003
1.861824014334876e-005	-9.862865e-003	-8.856741e-003
1.864962965227734e-005	-9.920563e-003	-8.886845e-003
1.866706826834876e-005	-9.945761e-003	-8.897216e-003
1.868450688442020e-005	-9.966166e-003	-8.903145e-003
1.870194550049162e-005	-9.981777e-003	-8.904632e-003
1.871938411656305e-005	-9.992594e-003	-8.901676e-003
1.873682273263448e-005	-9.998617e-003	-8.894278e-003
1.875426134870591e-005	-9.999846e-003	-8.882437e-003
1.877169996477734e-005	-9.996282e-003	-8.866154e-003
1.879611402727734e-005	-9.983128e-003	-8.835808e-003
1.882052808977734e-005	-9.960656e-003	-8.796933e-003
1.884494215227734e-005	-9.928868e-003	-8.749528e-003
1.886935621477734e-005	-9.887762e-003	-8.693593e-003
1.889377027727734e-005	-9.837340e-003	-8.629129e-003
1.891818433977734e-005	-9.777600e-003	-8.556135e-003
1.894259840227734e-005	-9.708543e-003	-8.474611e-003
1.901584058977735e-005	-9.447172e-003	-8.180994e-003
1.905071782192021e-005	-9.293493e-003	-8.014639e-003
1.908559505406306e-005	-9.122880e-003	-7.833188e-003
1.912047228620592e-005	-8.935333e-003	-7.636642e-003
1.915534951834878e-005	-8.730853e-003	-7.425001e-003
1.919022675049164e-005	-8.509439e-003	-7.198265e-003
1.922510398263449e-005	-8.271092e-003	-6.956433e-003
1.925998121477735e-005	-8.015811e-003	-6.699505e-003
1.928090755406307e-005	-7.855533e-003	-6.539161e-003
1.930183389334878e-005	-7.690119e-003	-6.374355e-003
1.932276023263450e-005	-7.519570e-003	-6.205087e-003
1.934368657192022e-005	-7.343885e-003	-6.031356e-003
1.936461291120593e-005	-7.163065e-003	-5.853164e-003
1.938553925049164e-005	-6.977109e-003	-5.670509e-003
1.940646558977736e-005	-6.786018e-003	-5.483393e-003
1.944483054513450e-005	-6.421849e-003	-5.128316e-003
1.948319550049165e-005	-6.045033e-003	-4.762743e-003
1.952156045584879e-005	-5.655570e-003	-4.386672e-003
1.955992541120594e-005	-5.253459e-003	-4.000105e-003
1.959829036656308e-005	-4.838702e-003	-3.603039e-003
1.963665532192022e-005	-4.411297e-003	-3.195477e-003
1.967502027727737e-005	-3.971245e-003	-2.777418e-003
1.974826246477737e-005	-3.110928e-003	-1.964440e-003
1.982150465227737e-005	-2.224277e-003	-1.132052e-003
1.984591871477737e-005	-1.923452e-003	-8.508262e-004
1.987033277727737e-005	-1.621529e-003	-5.691583e-004
1.989474683977737e-005	-1.318510e-003	-2.870484e-004
1.991916090227737e-005	-1.014394e-003	-4.496323e-006
1.994357496477737e-005	-7.091806e-004	2.784978e-004
1.996798902727737e-005	-4.028708e-004	5.619340e-004
1.999240308977738e-005	-9.546414e-005	8.458123e-004
2.003425576834880e-005	4.339253e-004	1.333304e-003
2.007610844692024e-005	9.585269e-004	1.814709e-003
2.011796112549166e-005	1.478341e-003	2.290028e-003
2.015981380406309e-005	1.993367e-003	2.759260e-003
2.020166648263452e-005	2.503605e-003	3.222406e-003
2.024351916120595e-005	3.009056e-003	3.679466e-003
2.028537183977738e-005	3.509719e-003	4.130439e-003
2.033768768799167e-005	4.123293e-003	4.680432e-003
2.039000353620596e-005	4.712989e-003	5.206167e-003
2.044231938442025e-005	5.278806e-003	5.707645e-003
2.049463523263453e-005	5.820745e-003	6.184864e-003
2.054695108084882e-005	6.338804e-003	6.637826e-003
2.059926692906311e-005	6.832985e-003	7.066530e-003
2.065158277727739e-005	7.303287e-003	7.470977e-003
2.070041090227740e-005	7.711505e-003	7.818362e-003
2.074923902727740e-005	8.087518e-003	8.134807e-003
2.079806715227740e-005	8.431328e-003	8.420313e-003
2.084689527727740e-005	8.742934e-003	8.674879e-003
2.089572340227740e-005	9.022336e-003	8.898505e-003
2.094455152727740e-005	9.269534e-003	9.091191e-003
2.099337965227740e-005	9.484528e-003	9.252938e-003
2.101779371477740e-005	9.577442e-003	9.320160e-003
2.104220777727741e-005	9.661172e-003	9.378770e-003
2.106662183977741e-005	9.735716e-003	9.428766e-003
2.109103590227741e-005	9.801074e-003	9.470148e-003
2.111544996477741e-005	9.857247e-003	9.502917e-003
2.113986402727741e-005	9.904235e-003	9.527072e-003
2.116427808977741e-005	9.942037e-003	9.542614e-003
2.123752027727741e-005	9.998770e-003	9.536682e-003
2.126542206299170e-005	9.998024e-003	9.513640e-003
2.129332384870598e-005	9.985072e-003	9.479395e-003
2.132122563442027e-005	9.959914e-003	9.433947e-003
2.134912742013456e-005	9.922550e-003	9.377295e-003
2.137702920584884e-005	9.872980e-003	9.309440e-003
2.140493099156313e-005	9.811205e-003	9.230381e-003
2.143283277727742e-005	9.737223e-003	9.140119e-003
2.153048902727742e-005	9.385219e-003	8.739905e-003
2.156885398263456e-005	9.206606e-003	8.546059e-003
2.160721893799171e-005	9.007891e-003	8.334333e-003
2.164558389334885e-005	8.789074e-003	8.104726e-003
2.168394884870600e-005	8.550155e-003	7.857240e-003
2.172231380406314e-005	8.291135e-003	7.591874e-003
2.176067875942028e-005	8.012012e-003	7.308627e-003
2.179904371477743e-005	7.712787e-003	7.007501e-003
2.187228590227743e-005	7.095144e-003	6.392556e-003
2.190716313442029e-005	6.777911e-003	6.079533e-003
2.194204036656314e-005	6.449302e-003	5.756933e-003
2.197691759870600e-005	6.109319e-003	5.424756e-003
2.201179483084886e-005	5.757961e-003	5.083002e-003
2.204667206299172e-005	5.395227e-003	4.731671e-003
2.208154929513458e-005	5.021118e-003	4.370764e-003
2.211642652727744e-005	4.635634e-003	4.000279e-003
2.214432831299172e-005	4.321172e-003	3.699054e-003
2.217223009870601e-005	4.002393e-003	3.394538e-003
2.220013188442030e-005	3.679297e-003	3.086730e-003
2.222803367013458e-005	3.351886e-003	2.775631e-003
2.225593545584887e-005	3.020157e-003	2.461241e-003
2.228383724156315e-005	2.684112e-003	2.143559e-003
2.231173902727744e-005	2.343751e-003	1.822586e-003
2.238498121477744e-005	1.440341e-003	9.743508e-004
2.242334617013459e-005	9.589755e-004	5.245309e-004
2.246171112549173e-005	4.781704e-004	7.663749e-005
2.250007608084887e-005	-2.073685e-006	-3.693295e-004
2.253844103620602e-005	-4.817569e-004	-8.133700e-004
2.257680599156316e-005	-9.608792e-004	-1.255484e-003
2.261517094692031e-005	-1.439440e-003	-1.695672e-003
2.265353590227745e-005	-1.917441e-003	-2.133933e-003
2.268841313442031e-005	-2.347600e-003	-2.527061e-003
2.272329036656317e-005	-2.771253e-003	-2.913080e-003
2.275816759870603e-005	-3.188401e-003	-3.291991e-003
2.279304483084888e-005	-3.599042e-003	-3.663793e-003
2.282792206299174e-005	-4.003177e-003	-4.028486e-003
2.286279929513460e-005	-4.400807e-003	-4.386071e-003
2.289767652727746e-005	-4.791930e-003	-4.736548e-003
2.295696782192032e-005	-5.439683e-003	-5.313825e-003
2.301625911656318e-005	-6.049417e-003	-5.853536e-003
2.307555041120604e-005	-6.621133e-003	-6.355682e-003
2.313484170584889e-005	-7.154831e-003	-6.820262e-003
2.319413300049175e-005	-7.650511e-003	-7.247277e-003
2.325342429513461e-005	-8.108173e-003	-7.636726e-003
2.331271558977747e-005	-8.527817e-003	-7.988610e-003
2.335108054513461e-005	-8.770696e-003	-8.188997e-003
2.338944550049176e-005	-8.992054e-003	-8.368971e-003
2.342781045584890e-005	-9.191893e-003	-8.528533e-003
2.346617541120605e-005	-9.370213e-003	-8.667683e-003
2.350454036656319e-005	-9.527012e-003	-8.786421e-003
2.354290532192034e-005	-9.662293e-003	-8.884747e-003
2.358127027727748e-005	-9.776053e-003	-8.962661e-003
2.359870889334891e-005	-9.819857e-003	-8.990726e-003
2.361614750942034e-005	-9.858906e-003	-9.014355e-003
2.363358612549177e-005	-9.893199e-003	-9.033551e-003
2.365102474156319e-005	-9.922737e-003	-9.048311e-003
2.366846335763462e-005	-9.947519e-003	-9.058637e-003
2.368590197370605e-005	-9.967545e-003	-9.064529e-003
2.370334058977748e-005	-9.982815e-003	-9.065986e-003
2.373473009870605e-005	-9.998064e-003	-9.057196e-003
2.376611960763462e-005	-9.997832e-003	-9.034173e-003
2.379750911656320e-005	-9.982117e-003	-8.996917e-003
2.382889862549177e-005	-9.950920e-003	-8.945427e-003
2.386028813442034e-005	-9.904242e-003	-8.879705e-003
2.389167764334891e-005	-9.842081e-003	-8.799749e-003
2.392306715227749e-005	-9.764438e-003	-8.705560e-003
2.394050576834892e-005	-9.714739e-003	-8.647288e-003
2.395794438442035e-005	-9.660446e-003	-8.584857e-003
2.397538300049178e-005	-9.601561e-003	-8.518264e-003
2.399282161656320e-005	-9.538082e-003	-8.447512e-003
2.401026023263463e-005	-9.470010e-003	-8.372599e-003
2.402769884870606e-005	-9.397344e-003	-8.293526e-003
2.404513746477749e-005	-9.320085e-003	-8.210292e-003
2.408001469692035e-005	-9.151322e-003	-8.030901e-003
2.411489192906321e-005	-8.965966e-003	-7.836760e-003
2.414976916120607e-005	-8.764019e-003	-7.627869e-003
2.418464639334892e-005	-8.545481e-003	-7.404228e-003
2.421952362549178e-005	-8.310350e-003	-7.165837e-003
2.425440085763464e-005	-8.058628e-003	-6.912696e-003
2.428927808977750e-005	-7.790314e-003	-6.644806e-003
2.430671670584893e-005	-7.650879e-003	-6.506298e-003
2.432415532192036e-005	-7.507946e-003	-6.364757e-003
2.434159393799179e-005	-7.361516e-003	-6.220184e-003
2.435903255406321e-005	-7.211589e-003	-6.072579e-003
2.437647117013464e-005	-7.058164e-003	-5.921942e-003
2.439390978620607e-005	-6.901241e-003	-5.768272e-003
2.441134840227750e-005	-6.740822e-003	-5.611571e-003
2.442878701834893e-005	-6.577141e-003	-5.452073e-003
2.444622563442036e-005	-6.410507e-003	-5.290075e-003
2.446366425049179e-005	-6.240918e-003	-5.125577e-003
2.448110286656322e-005	-6.068375e-003	-4.958579e-003
2.449854148263465e-005	-5.892878e-003	-4.789081e-003
2.451598009870608e-005	-5.714427e-003	-4.617083e-003
2.453341871477751e-005	-5.533022e-003	-4.442585e-003
2.455783277727751e-005	-5.274903e-003	-4.194874e-003
2.458922228620608e-005	-4.934386e-003	-3.869072e-003
2.462061179513465e-005	-4.587570e-003	-3.538312e-003
2.465200130406322e-005	-4.234456e-003	-3.202595e-003
2.468339081299180e-005	-3.875043e-003	-2.861921e-003
2.471478032192037e-005	-3.509331e-003	-2.516289e-003
2.474616983084894e-005	-3.137321e-003	-2.165699e-003
2.477755933977751e-005	-2.759012e-003	-1.810153e-003
2.479499795584894e-005	-2.547475e-003	-1.611774e-003
2.481243657192037e-005	-2.334971e-003	-1.412788e-003
2.482987518799180e-005	-2.121500e-003	-1.213194e-003
2.484731380406323e-005	-1.907063e-003	-1.012993e-003
2.486475242013466e-005	-1.691659e-003	-8.121842e-004
2.488219103620609e-005	-1.475287e-003	-6.107679e-004
2.489962965227752e-005	-1.257949e-003	-4.087441e-004
2.499728590227752e-005	-3.410629e-005	7.235617e-004
2.500000000000000e-005	-1.224647e-017	7.550045e-004
